   18
   97
  122
  181
  208
  222
  285
  324
  327
  336
  343
  346
  361
  392
  420
  483
  522
  582
  601
  633
  717
  754
  785
  838
  851
  898
  993
 1021
 1023
 1030
 1032
 1119
 1227
 1248
 1251
 1281
 1335
 1352
 1400
 1519
 1536
 1570
 1631
 1752
 1752
 1755
 1760
 1773
 1796
 1822
 1826
 1832
 1844
 1988
 2002
 2059
 2076
 2090
 2097
 2103
 2235
 2259
 2272
 2298
 2304
 2364
 2427
 2429
 2431
 2431
 2437
 2445
 2460
 2461
 2524
 2546
 2617
 2618
 2651
 2657
 2664
 2721
 2732
 2924
 2930
 2973
 2977
 2978
 2992
 3006
 3041
 3062
 3105
 3111
 3128
 3150
 3212
 3230
 3276
 3339
 3339
 3354
 3360
 3373
 3398
 3404
 3433
 3523
 3587
 3597
 3607
 3624
 3634
 3667
 3685
 3709
 3765
 3778
 3797
 3817
 3825
 3841
 3841
 3857
 3905
 3993
 4046
 4055
 4071
 4187
 4234
 4278
 4340
 4382
 4416
 4424
 4431
 4504
 4506
 4540
 4563
 4575
 4620
 4695
 4719
 4738
 4799
 4814
 4854
 4930
 4971
 4976
 5029
 5036
 5076
 5081
 5093
 5097
 5127
 5140
 5141
 5177
 5200
 5211
 5256
 5256
 5341
 5348
 5357
 5374
 5404
 5458
 5461
 5497
 5533
 5563
 5590
 5661
 5736
 5759
 5785
 5870
 5872
 5915
 5950
 6014
 6033
 6058
 6125
 6127
 6137
 6218
 6272
 6286
 6304
 6314
 6426
 6429
 6439
 6492
 6501
 6522
 6549
 6569
 6646
 6677
 6704
 6743
 6775
 6782
 6804
 6914
 6927
 6931
 6987
 6998
 7006
 7020
 7026
 7043
 7093
 7131
 7158
 7239
 7242
 7284
 7366
 7368
 7400
 7408
 7408
 7415
 7445
 7445
 7506
 7507
 7530
 7538
 7596
 7596
 7619
 7630
 7657
 7691
 7706
 7743
 7804
 7827
 7861
 7869
 7878
 7929
 7929
 7932
 7963
 7974
 7978
 8012
 8013
 8136
 8169
 8191
 8230
 8235
 8248
 8268
 8333
 8378
 8401
 8421
 8459
 8472
 8489
 8536
 8559
 8655
 8693
 8701
 8708
 8728
 8738
 8789
 8829
 8844
 8903
 8952
 8957
 8972
 9002
 9006
 9024
 9065
 9123
 9196
 9214
 9244
 9247
 9324
 9347
 9384
 9406
 9513
 9533
 9548
 9577
 9691
 9759
 9763
 9792
 9827
 9888
 9945
 9970
 9982
10028
10029
10049
10106
10139
10141
10174
10182
10205
10210
10235
10289
10344
10357
10370
10378
10455
10486
10524
10539
10566
10602
10628
10663
10699
10699
10702
10706
10714
10723
10725
10815
10834
10857
11033
11036
11062
11089
11134
11183
11284
11325
11447
11470
11579
11595
11662
11671
11672
11692
11729
11793
11795
11898
11930
12024
12028
12140
12152
12160
12165
12169
12202
12213
12219
12220
12271
12308
12320
12335
12406
12407
12410
12455
12475
12612
12642
12670
12715
12728
12770
12837
12927
12937
13011
13042
13059
13307
13367
13372
13419
13540
13575
13594
13604
13627
13639
13664
13721
13722
13761
13764
13888
13976
14030
14081
14089
14180
14184
14200
14203
14291
14415
14422
14425
14468
14474
14487
14526
14529
14550
14575
14578
14595
14615
14632
14670
14690
14712
14746
14792
14804
14830
14874
14900
14921
15073
15110
15116
15131
15181
15199
15222
15257
15266
15274
15301
15337
15345
15365
15416
15464
15505
15540
15613
15621
15623
15642
15665
15674
15676
15703
15709
15798
15816
15836
15861
15987
15997
16006
16036
16041
16057
16186
16238
16257
16278
16376
16389
16483
16498
16517
16520
16537
16587
16619
16643
16675
16714
16759
16770
16795
16807
16811
16837
16959
16960
16962
16981
17017
17064
17096
17119
17167
17204
17228
17239
17352
17366
17407
17442
17485
17501
17592
17592
17597
17754
17759
17764
17803
17811
17824
17848
17862
17876
18057
18091
18101
18266
18307
18378
18406
18429
18446
18466
18479
18543
18589
18603
18606
18615
18630
18676
18766
18796
18842
18847
18912
18914
18929
18958
19037
19086
19134
19221
19246
19292
19351
19430
19435
19450
19476
19514
19590
19600
19618
19685
19735
19760
19781
19799
19811
19877
19894
19898
19902
19921
19932
19934
19988
19990
20034
20093
20097
20130
20161
20203
20213
20278
20290
20358
20377
20381
20414
20463
20466
20487
20519
20525
20528
20547
20548
20589
20599
20620
20675
20680
20778
20829
20844
20849
20875
20877
20884
20901
20915
20928
20947
20962
20969
20975
21002
21007
21068
21071
21141
21170
21219
21228
21295
21333
21367
21378
21385
21386
21394
21542
21609
21665
21702
21704
21715
21723
21739
21746
21758
21792
21840
21861
21922
21926
21940
21977
21983
21983
22025
22026
22105
22119
22147
22180
22221
22254
22277
22278
22289
22352
22352
22392
22411
22420
22466
22473
22516
22739
22764
22771
22790
22823
22917
22962
22977
22982
23020
23043
23068
23088
23101
23155
23215
23225
23246
23288
23296
23306
23321
23383
23479
23507
23530
23545
23580
23581
23600
23617
23633
23657
23685
23696
23707
23716
23743
23798
23808
23864
24051
24157
24161
24181
24241
24251
24273
24319
24345
24534
24553
24587
24611
24676
24682
24731
24778
24779
24785
24844
24854
24935
24951
24994
25031
25041
25082
25088
25120
25129
25137
25147
25184
25205
25224
25275
25295
25315
25381
25461
25519
25523
25532
25565
25589
25605
25668
25692
25840
25907
25932
25979
26030
26046
26059
26081
26095
26140
26156
26169
26182
26240
26267
26289
26305
26314
26372
26383
26392
26418
26424
26442
26492
26534
26535
26541
26604
26609
26612
26613
26618
26634
26659
26692
26709
26713
26733
26762
26763
26891
26894
26944
26948
26987
27009
27038
27053
27070
27141
27154
27154
27155
27163
27199
27208
27228
27262
27315
27319
27321
27340
27358
27402
27468
27475
27477
27490
27524
27531
27572
27585
27641
27658
27659
27739
27745
27754
27782
27796
27800
27811
27873
27878
27888
27901
27906
27935
28003
28032
28083
28142
28234
28340
28423
28437
28454
28507
28529
28583
28609
28678
28692
28771
28787
28812
28839
28848
28929
28935
28967
29038
29040
29068
29069
29096
29128
29137
29171
29272
29309
29331
29372
29422
29447
29492
29525
29556
29604
29629
29667
29712
29791
29795
29815
29837
29839
29853
29872
29909
29910
29926
29937
30041
30072
30108
30109
30125
30206
30295
30337
30341
30349
30355
30357
30433
30446
30511
30552
30650
30700
30769
30806
30834
30837
30896
30945
31073
31113
31119
31121
31132
31161
31215
31314
31366
31426
31434
31444
31449
31526
31540
31542
31547
31554
31590
31648
31677
31694
31749
31763
31825
31828
31838
31945
31984
32078
32103
32133
32154
32158
32159
32226
32234
32302
32333
32346
32349
32359
32363
32383
32389
32426
32437
32488
32572
32577
32598
32606
32649
32678
32700
