28609
20358
20969
 6304
  522
22411
  633
 7506
24587
27524
26081
 6492
27745
27490
 1248
14550
 4055
 5533
31132
27800
31215
 5497
21723
 2721
20414
18057
25461
19898
15613
20849
26634
30806
 7006
 1519
 7408
 7869
 9244
 5661
 4719
23657
24534
 5872
15665
30896
18589
27141
18676
16036
21068
29853
  898
 3128
19735
18406
29667
23716
22119
 7804
29137
21002
19430
21295
20844
  601
29909
13575
30511
 2930
21926
23685
26659
12937
25031
26156
10834
 4814
32700
13888
 2431
 8013
 4976
10702
 5140
31763
  717
22764
25692
29331
26762
20034
 2546
 1352
26948
22473
10106
26267
24273
21715
 6286
22278
19921
 9548
13307
11898
22917
 7743
32302
 5374
10725
10139
24553
11930
30700
26424
13627
15987
13367
 7445
18606
 1335
31694
 5348
 3778
24251
20290
20680
13722
25315
16376
20829
23798
 3523
 1988
 7929
 2657
13059
16057
30769
11692
16520
 9024
18847
18842
 5200
10344
21219
 5341
27038
15997
 7400
10049
 8536
 2524
 9577
 1832
27053
31749
25523
11062
 2298
  754
 2732
17485
20463
17064
11284
25532
30446
 3339
 8459
20915
27315
 3062
23507
10235
19514
20875
 1752
 1251
10205
17096
 5357
27262
10174
 4187
 9945
 7691
17764
12728
27154
 7093
16041
 5736
21704
29309
20947
  420
25381
 7284
 1281
17442
14804
10029
31945
18479
20928
16498
 9759
 9214
 4382
31542
14200
 9792
30125
24779
19760
 4340
13372
 8789
 9513
30337
29038
32383
15798
27906
30650
12140
23479
 3041
 3765
29937
15365
26535
22420
 3841
29712
   18
21228
15464
17862
21609
29629
 4540
27319
 4620
25519
15505
 6775
 4431
23707
 1773
20548
 5256
15181
12028
 5097
32103
12169
26372
18914
27782
11595
 4506
20161
32577
  851
 3607
25041
 8136
15073
10566
 8952
 7026
 9406
 1631
10210
29525
14203
 5177
27739
 6931
 8957
25275
 8701
 6646
15674
27796
 8972
16960
11325
10539
 3230
29372
29040
31449
17407
 5785
14874
19799
27475
22392
 6439
30834
 2429
13764
 3624
15110
26944
31554
32154
25129
29604
15337
32363
28839
 2460
22771
 8378
23215
 8421
14900
 4575
10699
10289
12715
16811
 7445
30341
15703
27888
 6569
18912
 6987
12612
32598
 6429
25605
 3587
13721
15642
 7932
30355
 1227
13594
 1400
23020
 3993
 2664
26534
17239
  181
 5950
26604
30837
16587
13540
  122
14468
18615
 5404
 1826
  222
25589
19134
 9065
31426
30552
17824
27358
30295
 8191
17848
 6058
 5870
16006
 2437
 3433
 5256
17017
15274
 8248
13976
18958
25565
21007
27658
27155
24319
31314
 9347
12837
 8844
 2978
20203
16675
20278
27641
 8489
32226
22221
 4854
 3373
18466
14690
25205
 1844
13761
 7596
28003
  327
12335
18603
 8401
16389
 1570
14474
  838
27811
17803
26314
32346
 2097
29128
30109
26240
 9247
27163
19600
13604
 1023
 5211
26733
10486
 3212
 8169
25184
16517
 9196
29926
29272
17167
26418
 9123
28848
19351
22823
26713
 6927
 2617
28234
 5915
 8333
12219
 6677
 1032
14615
14180
16770
15301
19476
  785
14030
 8235
27208
32133
 8829
15676
 7929
14081
32158
27228
23633
12308
  336
 3006
 1796
18101
12165
 2076
25907
31119
22790
18091
29839
30108
17592
18766
27585
 8693
23581
14089
27402
 7657
  285
27321
 8230
25932
28935
23043
24951
 3857
22739
26763
 1119
23068
32426
31590
29422
31825
 9384
24785
17597
26609
 2272
24611
24345
31526
 9888
 1536
24676
19932
 7415
  208
23225
 4563
24181
 8559
 8655
14578
 3634
21542
12320
21983
11793
 9691
26442
27340
  582
10628
12213
 6804
19990
20962
15222
28678
19934
 4971
28787
12160
 4695
25224
15816
26305
 8472
25088
24682
12024
32349
21940
23306
21792
 1030
11662
 9533
23696
10723
15540
21977
 4046
 9006
28929
19618
 5029
30041
 7861
 7974
12407
27659
13419
19685
17876
 3685
27468
32437
 7242
31113
18307
21861
 2431
17501
31984
 2977
 6782
20620
 3105
28437
14415
11470
11134
29910
31434
27754
20675
27901
 7596
 6137
28340
 6549
19435
 7020
15116
11447
13639
21840
 4278
29171
 8738
11089
16959
 9970
31121
18429
28812
18266
28083
26059
14792
20466
16962
19292
21665
15623
24935
23808
27572
18446
13011
26492
19781
10378
26891
 2059
17204
23600
14595
21922
10028
14921
12271
12152
 1822
22105
 6998
21702
28142
30206
14184
10699
 9324
 7706
 6033
19988
32389
31540
32078
26618
 2235
10524
 4416
18796
10706
 7630
12927
20975
 3276
15257
20528
12770
26392
20097
  346
29447
28423
30945
20213
27199
 5759
21333
25668
30357
24051
17366
 6501
12670
21394
20519
 3111
29791
 4799
28529
15131
22352
22466
 7978
22254
 3360
31677
16186
15861
16537
27873
31073
22026
22277
30433
14291
14487
15345
28583
28454
25840
 6704
 7239
16238
27878
 9763
25137
12455
20377
23864
 6314
 3667
30349
24241
 3709
 9827
 2304
16807
 6125
28507
 2427
 3150
14575
22962
29096
12410
16278
20599
16483
12642
25295
11579
11795
22180
14670
 9002
31547
 4234
 7368
25979
 3404
29068
19811
 3339
19902
24854
26987
  324
32606
27531
 3398
26692
32234
21385
12202
25147
 7131
18543
 3597
 5141
 4738
26140
15709
17754
14422
25082
13042
 5458
29069
 2364
22977
 2924
 3817
29795
 2002
 1760
 3797
 5127
26612
20884
29872
31444
11183
23101
10857
 2259
 6522
22982
 8268
23530
19246
26613
 7963
10663
12475
17228
   97
26169
11033
20525
16643
23743
21378
 4930
 8728
 7366
17119
11036
19450
24844
28032
 3354
10141
21386
26383
 2445
25120
21170
 8903
23321
20130
 7158
  993
17759
 6743
32649
21071
 1752
 1755
  361
26541
 8708
 7878
 2973
10357
16837
 6272
 5563
 7538
15621
23383
26030
16759
32159
23246
19894
22352
20093
15416
 2992
23545
21758
31366
11672
26894
14746
31838
 8012
 7043
17352
20589
17811
21141
27935
 1021
19037
23296
12220
18378
32333
23155
 5093
22289
29556
 3905
16619
21739
13664
14425
 5461
 5081
16981
14712
 2618
31648
10714
20381
26095
  343
29815
27070
  483
26046
14526
31161
10182
11729
  392
20877
18929
 2461
27009
24778
 6914
 7507
 4071
26182
18630
24731
19086
27154
24157
 2090
14632
 5036
 4504
11671
 7619
12406
32678
10602
 7827
32359
 7408
21367
21746
 3841
23617
 7530
19877
22147
20778
15266
24161
15199
20901
20547
29837
14830
23288
19590
16714
28771
15836
31828
26289
 9982
21983
28692
 2651
10370
20487
14529
28967
32488
17592
10815
 2103
26709
10455
 6127
32572
 6218
23088
16257
22516
 6426
19221
22025
 3825
24994
 4424
27477
16795
29492
23580
 6014
30072
 5076
 5590
